quality_999 = [1073.852 , 985.238 ,1005.402 , 907.148 ,1026.289 ,1090.905 ,1168.056 ,1054.471 , 903.840 , 873.667 ,  953.688,  916.583, 1106.392, 1117.828, 1029.497,  974.301, 1123.181, 1213.780, 1007.450,  989.275,  936.779, 1142.291, 1134.761,  906.603,  900.278];

quality_95 = [1205.944 ,1133.474 ,1016.075 ,1141.244 , 903.901 ,1271.168 ,1325.567 ,1210.841 ,1147.921 , 968.278 ,  976.012, 1032.470, 1167.084, 1201.745, 1118.233, 1073.080, 1129.750, 1133.501,  928.114, 1147.806, 1126.154, 1202.189, 1187.808, 1163.936, 1115.224];

quality_9995 = [1078.366 ,1036.630 ,1073.654 ,1036.479 , 872.079 , 963.193 ,1225.269 ,1097.368 ,1047.855 , 868.904 , 1027.947, 1090.493,  976.341, 1069.999,  957.868, 1204.883, 1005.347, 1088.897, 1113.885, 1182.393, 1028.674, 1000.988,  991.320,  957.632, 1046.166];

quality_9999 = [1000.144 ,934.932 ,964.356 ,1026.642 ,976.399 ,1425.717 ,1018.992 ,1104.500 ,996.423 ,912.629 ,829.419,965.929,1036.372,1087.430,1021.562,1046.729,1141.385,951.771,899.417,1065.456,1016.087,1053.235,1059.895,1129.853,935.566];

quality_99991 = [1346.478 , 939.104 ,1045.695 ,1126.794 , 886.865 ,1119.324 ,1242.783 , 966.401 ,1189.051 ,1056.815 , 1047.795,  931.465, 1185.697, 1088.488, 1044.885, 1021.995, 1078.818, 1074.179,  914.531,  948.746,  948.363, 1238.817, 1051.754,  928.039,  979.161];

linear_quality = [1225.854 ,1163.368 ,1124.536 ,1177.881 , 919.190 ,1371.044 ,1314.297 ,1090.278 ,1093.497 ,1003.970 , 1088.613, 1257.309, 1301.278, 1103.667, 1086.211, 1203.242, 1383.522, 1098.525, 1073.654, 1231.868, 1177.775, 1252.478, 1154.398,  981.551,  972.073];

T11_quality = [1578.126 ,1282.308 ,1387.179 ,1389.908 ,1258.068 ,1296.248 ,1462.483 ,1360.511 ,1264.311 ,1191.367 , 1427.030, 1095.003, 1465.965, 1192.190, 1316.266, 1433.933, 1586.332, 1304.390, 1132.530, 1373.101, 1345.480, 1197.023, 1271.194, 1268.728, 1359.880];

logT_qual = [1578.126 ,1282.308 ,1387.179 ,1389.908 ,1258.068 ,1296.248 ,1462.483 ,1360.511 ,1264.311 ,1191.367 , 1427.030, 1095.003, 1465.965, 1192.190, 1316.266, 1433.933, 1586.332, 1304.390, 1132.530, 1373.101, 1345.480, 1197.023, 1271.194, 1268.728, 1359.880];