disp('TSP_DATA');

sa_generated = [11508,11508,11508,11508,11508,11508,11508,11508,11508,11508,11508,11508,11508,11508,11508,11508,11508,11508,11508,11508,11508,11508,11508,11508,11508,11508,11508,11508,11508,11508,11508,11508,11508,11508,11508,11508,11508,11508,11508,11508,11508,11508,11508,11508,11508,11508,11508,11508,11508,11508,11508,11508,11508,11508,11508,11508,11508,11508,11508,11508,11508,11508,11508,11508,11508,11508,11508,11508,11508,11508,11508,11508,11508,11508,11508,11508,11508,11508,11508,11508,11508,11508,11508,11508,11508,11508,11508,11508,11508,11508,11508,11508,11508,11508,11508,11508,11508,11508,11508,11508,11508,11508,11508,11508,11508,11508,11508,11508,11508,11508,11508,11508,11508,11508,11508,11508,11508,11508,11508,11508,11508,11508,11508,11508,11508];

sa_ms = [25.000,24.000,22.000,25.000,23.000,24.000,23.000,24.000,25.000,27.000,23.000,22.000,24.000,25.000,23.000,24.000,23.000,25.000,24.000,25.000,25.000,24.000,24.000,23.000,23.000,53.000,52.000,54.000,51.000,54.000,51.000,51.000,53.000,53.000,55.000,54.000,53.000,56.000,54.000,53.000,51.000,52.000,51.000,55.000,59.000,55.000,54.000,53.000,53.000,54.000,03.000,04.000,00.000,01.000,01.000,03.000,02.000,02.000,02.000,04.000,99.000,102.000,99.000,104.000,101.000,100.000,103.000,101.000,107.000,101.000,101.000,101.000,102.000,104.000,101.000,50.000,48.000,50.000,51.000,51.000,49.000,54.000,54.000,49.000,53.000,151.000,150.000,150.000,147.000,152.000,150.000,150.000,151.000,152.000,153.000,150.000,151.000,155.000,150.000,149.000,197.000,197.000,203.000,202.000,203.000,197.000,200.000,198.000,203.000,198.000,197.000,202.000,203.000,198.000,204.000,198.000,200.000,201.000,205.000,204.000,195.000,203.000,199.000,199.000,205.000];

astar_generated = [30,30,30,30,30,30,30,30,30,30,30,30,30,30,30,30,30,30,30,30,30,30,30,30,30,90,90,90,90,90,90,90,90,90,90,90,90,90,90,90,90,90,90,90,90,90,90,90,90,90,190,190,190,190,190,190,190,190,190,190,190,190,190,190,190,190,190,190,190,190,190,190,190,190,190,290,290,290,290,290,290,290,290,290,290,290,290,290,290,290,290,290,290,290,290,290,290,290,290,290,390,390,390,390,390,390,390,390,390,390,390,390,390,390,390,390,390,390,390,390,390,390,390,390,390];

astar_ms = [0.000 ,0.000 ,0.000 ,0.000 ,1.000 ,0.000 ,0.000 ,0.000 ,0.000 ,0.000 ,1.000 ,0.000 ,0.000 ,0.000 ,0.000 ,0.000 ,0.000 ,0.000 ,1.000 ,0.000 ,0.000 ,0.000 ,0.000 ,0.000 ,0.000 ,1.000 ,0.000 ,0.000 ,0.000 ,1.000 ,0.000 ,0.000 ,1.000 ,0.000 ,0.000 ,0.000 ,1.000 ,0.000 ,0.000 ,0.000 ,0.000 ,1.000 ,0.000 ,0.000 ,1.000 ,0.000 ,0.000 ,0.000 ,1.000 ,0.000 ,1.000 ,0.000 ,1.000 ,0.000 ,1.000 ,0.000 ,1.000 ,0.000 ,1.000 ,0.000 ,1.000 ,0.000 ,1.000 ,1.000 ,1.000 ,1.000 ,0.000 ,1.000 ,1.000 ,0.000 ,1.000 ,0.000 ,1.000 ,0.000 ,1.000 ,1.000 ,1.000 ,1.000 ,1.000 ,1.000 ,1.000 ,1.000 ,1.000 ,1.000 ,1.000 ,1.000 ,1.000 ,1.000 ,1.000 ,2.000 ,1.000 ,1.000 ,1.000 ,1.000 ,1.000 ,0.000 ,1.000 ,1.000 ,1.000 ,1.000 ,3.000 ,2.000 ,1.000 ,2.000 ,1.000 ,2.000 ,2.000 ,2.000 ,1.000 ,2.000 ,1.000 ,2.000 ,1.000 ,2.000 ,1.000 ,2.000 ,1.000 ,2.000 ,1.000 ,2.000 ,2.000 ,2.000 ,2.000 ,1.000 ,2.000 ];

sa_quality = [263.343,381.888,367.126,295.286,395.064,377.235,362.045,508.676,354.739,365.430,331.130,377.535,369.788,434.776,337.176,409.265,314.716,319.417,312.746,359.405,414.878,326.648,342.365,322.198,352.899,1125.041,986.373,991.391,949.797,884.111,1092.492,1204.110,1044.888,1029.460,854.435,972.846,948.509,1053.031,1005.344,1024.217,978.035,1000.821,998.276,932.600,1033.978,1072.491,996.623,1055.568,1252.900,986.924,2186.901,2068.058,2249.926,2221.552,2147.597,2007.015,2211.954,2408.954,2481.465,2130.071,2145.248,2066.303,2115.981,2189.106,2006.496,2414.317,2350.645,2564.410,2344.021,2090.028,2385.881,2079.324,2298.667,2445.723,2188.752,3350.557,3556.605,3412.678,3137.274,3361.882,3551.959,3232.408,3504.992,3481.073,3502.769,3293.124,3770.731,3538.273,3148.293,3395.127,3383.546,3549.302,3213.418,3763.402,3617.839,3425.197,3340.527,3933.983,3723.628,3304.863,4822.559,4869.414,4575.456,4810.136,4653.884,4433.372,4860.726,4598.463,5394.599,4749.181,4930.799,4824.533,4631.808,4811.029,4920.872,4589.870,4548.813,4788.898,4810.842,5066.576,4671.650,4748.967,4448.294,4845.689,4981.151];

astar_quality = [239.614,302.679,413.839,296.145,304.415,429.076,452.741,353.283,240.045,391.886,279.829,392.691,340.928,475.034,344.806,330.532,254.060,443.487,327.145,392.521,326.426,243.330,216.919,333.535,358.844,496.016,427.292,385.891,361.551,462.198,431.013,401.759,306.417,377.554,369.774,521.380,368.657,349.290,338.443,293.993,402.839,394.767,340.479,461.919,572.638,395.051,458.807,279.724,446.109,424.068,303.940,324.863,434.189,283.831,441.117,317.281,331.079,545.213,386.822,321.580,353.110,305.076,481.857,466.724,308.945,532.300,406.952,466.770,373.210,429.881,638.990,455.686,431.036,482.206,283.232,454.271,452.727,321.204,614.413,601.846,422.957,519.213,564.105,271.422,441.486,425.994,362.192,321.119,371.141,478.182,445.408,480.668,433.047,379.217,297.475,374.164,378.777,452.692,187.631,447.611,392.752,382.693,487.481,497.284,413.394,511.784,624.016,372.281,430.992,492.601,284.330,347.286,413.469,486.930,458.899,333.475,419.566,369.915,503.844,339.269,462.305,496.888,610.135,431.606,503.571];

labels={'0,10','1,10','2,10','3,10','4,10','5,10','6,10','7,10','8,10','9,10','10,10','11,10','12,10','13,10','14,10','15,10','16,10','17,10','18,10','19,10','20,10','21,10','22,10','23,10','24,10','0,25','1,25','2,25','3,25','4,25','5,25','6,25','7,25','8,25','9,25','10,25','11,25','12,25','13,25','14,25','15,25','16,25','17,25','18,25','19,25','20,25','21,25','22,25','23,25','24,25','0,50','1,50','2,50','3,50','4,50','5,50','6,50','7,50','8,50','9,50','10,50','11,50','12,50','13,50','14,50','15,50','16,50','17,50','18,50','19,50','20,50','21,50','22,50','23,50','24,50','0,75','1,75','2,75','3,75','4,75','5,75','6,75','7,75','8,75','9,75','10,75','11,75','12,75','13,75','14,75','15,75','16,75','17,75','18,75','19,75','20,75','21,75','22,75','23,75','24,75','0,100','1,100','2,100','3,100','4,100','5,100','6,100','7,100','8,100','9,100','10,100','11,100','12,100','13,100','14,100','15,100','16,100','17,100','18,100','19,100','20,100','21,100','22,100','23,100','24,100'};

labels2 = {'10', '25', '50', '75', '100'};

sa_quality_f = [241.692,403.148,348.693,286.706,363.550,349.842,390.629,405.847,356.886,364.270,289.633,371.564,367.002,389.573,293.191,373.502,292.424,356.766,265.408,423.205,342.959,304.317,386.139,416.221,442.460,1090.076,1080.365,988.852,1017.214,912.383,1238.212,1217.039,1466.791,974.443,888.647,1074.455,990.338,1285.543,994.525,1057.559,981.447,1006.376,1045.375,927.743,1183.011,1048.386,1087.327,1035.087,986.874,967.953,2371.311,2287.692,2173.722,2083.187,2023.962,2125.504,2086.261,2330.249,2050.894,2039.200,2064.730,2142.542,1885.799,2137.068,2131.423,2148.838,2475.656,2373.374,2249.050,2319.877,2252.559,1962.888,2342.503,2145.505,2265.452,3294.870,3445.093,3495.862,3199.644,3581.250,3437.003,3340.012,3457.348,3727.973,3780.831,3390.596,3251.001,3784.515,2941.457,3391.822,3573.852,3346.966,3039.656,3516.480,3698.614,3423.737,3232.659,3850.870,3311.426,3542.723,4742.166,4596.052,4382.675,4849.411,4728.880,4497.469,4480.282,4647.707,4549.450,4502.175,4868.067,4712.097,4777.882,4773.797,4356.553,4537.624,5073.483,4798.571,4482.738,4634.409,4512.068,4641.573,4456.238,4604.585,4950.152];

sa_gen_f = [69075,69075,69075,69075,69075,69075,69075,69075,69075,69075,69075,69075,69075,69075,69075,69075,69075,69075,69075,69075,69075,69075,69075,69075,69075,195598,195598,195598,195598,195598,195598,195598,195598,195598,195598,195598,195598,195598,195598,195598,195598,195598,195598,195598,195598,195598,195598,195598,195598,195598,425856,425856,425856,425856,425856,425856,425856,425856,425856,425856,425856,425856,425856,425856,425856,425856,425856,425856,425856,425856,425856,425856,425856,425856,425856,669195,669195,669195,669195,669195,669195,669195,669195,669195,669195,669195,669195,669195,669195,669195,669195,669195,669195,669195,669195,669195,669195,669195,669195,669195,921030,921030,921030,921030,921030,921030,921030,921030,921030,921030,921030,921030,921030,921030,921030,921030,921030,921030,921030,921030,921030,921030,921030,921030,921030];

sa_ms_f = [169.000,145.000,140.000,150.000,146.000,142.000,145.000,146.000,142.000,145.000,144.000,144.000,145.000,145.000,143.000,141.000,141.000,141.000,143.000,143.000,144.000,145.000,144.000,148.000,151.000,932.000,896.000,907.000,895.000,902.000,902.000,893.000,889.000,910.000,899.000,892.000,912.000,923.000,931.000,907.000,906.000,900.000,902.000,904.000,901.000,903.000,900.000,896.000,897.000,907.000,3765.000,3777.000,3818.000,3770.000,3764.000,3775.000,3781.000,3775.000,3797.000,3789.000,3772.000,3757.000,3772.000,3782.000,3780.000,3817.000,3778.000,3784.000,3798.000,3771.000,3760.000,3781.000,3800.000,3770.000,3786.000,8800.000,8829.000,8789.000,8771.000,8824.000,8833.000,8791.000,8856.000,8689.000,8665.000,8676.000,8730.000,8716.000,9006.000,9144.000,9233.000,8899.000,9006.000,9064.000,8830.000,8820.000,8875.000,8928.000,8879.000,8919.000,16362.000,16117.000,16070.000,16064.000,16046.000,16065.000,16089.000,16189.000,16096.000,16061.000,16100.000,16097.000,16086.000,15853.000,15893.000,15841.000,15874.000,15905.000,15903.000,15910.000,15845.000,15854.000,15807.000,15836.000,15902.000];

avg_astar_ms_10 =

    0.3200


avg_astar_ms_25 =

    0.3200


avg_astar_ms_50 =

    0.7600


avg_astar_ms_75 =

    1.1600


avg_astar_ms_100 =

    1.8000


avg_astar_quality_10 =

  300.6141


avg_astar_quality_25 =

  467.4207


avg_astar_quality_50 =

  654.4657


avg_astar_quality_75 =

  775.6427


avg_astar_quality_100 =

  827.6412


avg_astar_generated_10 =

    8.6000


avg_astar_generated_25 =

   22.7200


avg_astar_generated_50 =

   46.9600


avg_astar_generated_75 =

   70.8000


avg_astar_generated_100 =

   90.6800


avg_sa_ms_10 =

   23.9600


avg_sa_ms_25 =

   54.2800


avg_sa_ms_50 =

   64.0800


avg_sa_ms_75 =

  114.8400


avg_sa_ms_100 =

  206.4000


avg_sa_quality_10 =

  359.8310


avg_sa_quality_25 =

   1.0331e+03


avg_sa_quality_50 =

   2.2714e+03


avg_sa_quality_75 =

   3.5473e+03


avg_sa_quality_100 =

   4.9077e+03


avg_sa_generated_10 =

       11508


avg_sa_generated_25 =

   1.1968e+04


avg_sa_generated_50 =

   1.1968e+04


avg_sa_generated_75 =

   1.1968e+04


avg_sa_generated_100 =

   1.1968e+04