100
0 85 94
1 38 27
2 87 81
3 52 36
4 76 8
5 89 65
6 86 10
7 62 25
8 32 53
9 29 97
10 30 8
11 17 45
12 64 99
13 70 91
14 45 11
15 61 72
16 43 43
17 76 44
18 7 15
19 30 67
20 40 67
21 57 20
22 14 56
23 53 75
24 38 53
25 27 51
26 27 63
27 53 16
28 19 60
29 81 9
30 33 29
31 89 65
32 57 57
33 79 71
34 73 43
35 21 38
36 63 69
37 59 97
38 50 67
39 78 32
40 91 89
41 26 46
42 50 25
43 9 89
44 42 75
45 26 88
46 1 53
47 29 88
48 89 34
49 72 19
50 95 0
51 6 68
52 100 61
53 75 3
54 10 74
55 29 50
56 48 53
57 41 75
58 32 20
59 10 99
60 65 64
61 24 52
62 78 41
63 64 74
64 78 20
65 17 4
66 28 14
67 12 11
68 97 36
69 4 97
70 13 29
71 9 1
72 76 99
73 78 27
74 51 24
75 52 74
76 81 95
77 84 58
78 27 90
79 19 63
80 89 21
81 80 9
82 89 97
83 44 14
84 12 37
85 9 2
86 36 58
87 49 77
88 7 71
89 4 83
90 72 11
91 52 80
92 95 38
93 91 14
94 27 60
95 29 73
96 23 30
97 4 20
98 62 24
99 79 16
