75
0 66 28
1 90 86
2 56 39
3 79 42
4 68 25
5 40 14
6 86 85
7 96 0
8 78 55
9 73 67
10 59 7
11 84 96
12 93 95
13 51 100
14 64 22
15 12 86
16 83 31
17 75 51
18 96 8
19 60 29
20 64 29
21 29 18
22 50 39
23 36 3
24 16 74
25 90 89
26 71 11
27 16 3
28 32 80
29 19 89
30 71 5
31 58 94
32 18 53
33 88 57
34 44 36
35 39 7
36 9 19
37 82 98
38 52 66
39 5 10
40 79 83
41 29 51
42 14 41
43 23 94
44 97 92
45 40 93
46 10 13
47 56 61
48 56 30
49 94 81
50 19 59
51 16 67
52 83 13
53 19 92
54 34 83
55 62 83
56 26 94
57 100 73
58 29 17
59 19 84
60 9 57
61 44 79
62 10 70
63 52 46
64 48 15
65 26 56
66 8 73
67 85 88
68 65 79
69 6 34
70 37 67
71 99 45
72 49 78
73 47 81
74 5 55
