75
0 100 38
1 61 38
2 88 19
3 37 56
4 9 92
5 14 1
6 50 41
7 66 60
8 78 17
9 65 32
10 1 22
11 86 2
12 76 93
13 49 39
14 85 35
15 88 40
16 69 38
17 59 69
18 47 44
19 82 69
20 5 77
21 56 35
22 41 4
23 3 54
24 10 9
25 50 82
26 51 76
27 89 84
28 61 94
29 27 7
30 22 59
31 21 14
32 81 100
33 61 45
34 16 30
35 6 8
36 61 9
37 70 33
38 11 68
39 12 78
40 66 75
41 24 52
42 77 31
43 0 59
44 84 51
45 44 36
46 44 49
47 61 1
48 2 71
49 16 92
50 35 33
51 61 61
52 62 86
53 96 86
54 88 34
55 7 71
56 59 91
57 74 95
58 78 41
59 52 8
60 43 10
61 73 65
62 42 14
63 46 0
64 40 61
65 91 45
66 15 87
67 40 16
68 19 74
69 36 82
70 97 18
71 42 98
72 29 41
73 32 78
74 65 80
