75
0 39 15
1 78 48
2 91 23
3 59 17
4 67 33
5 77 51
6 31 48
7 12 18
8 41 59
9 15 87
10 11 71
11 30 57
12 31 72
13 66 81
14 67 10
15 99 17
16 75 79
17 81 84
18 32 3
19 3 14
20 97 10
21 54 14
22 65 7
23 14 100
24 55 98
25 75 45
26 7 55
27 1 22
28 68 65
29 80 7
30 58 10
31 10 7
32 92 75
33 86 6
34 83 78
35 2 78
36 43 20
37 4 83
38 65 98
39 89 33
40 93 8
41 34 6
42 77 85
43 2 100
44 22 33
45 17 59
46 22 55
47 83 82
48 1 78
49 89 91
50 35 20
51 77 19
52 2 97
53 53 36
54 62 75
55 91 15
56 68 9
57 71 52
58 79 31
59 70 4
60 82 29
61 0 90
62 91 75
63 96 21
64 32 33
65 1 57
66 48 74
67 19 3
68 52 98
69 64 18
70 77 39
71 70 55
72 8 40
73 84 87
74 97 87
