75
0 39 63
1 86 94
2 60 46
3 24 89
4 32 7
5 34 69
6 42 45
7 25 94
8 90 30
9 92 76
10 12 26
11 69 73
12 82 26
13 7 41
14 37 22
15 66 47
16 74 31
17 70 53
18 30 48
19 11 87
20 97 52
21 50 98
22 19 12
23 93 6
24 55 77
25 63 53
26 8 94
27 17 18
28 63 60
29 49 78
30 91 81
31 8 67
32 93 25
33 48 57
34 24 38
35 85 92
36 32 12
37 33 50
38 62 14
39 47 23
40 7 55
41 39 27
42 55 71
43 76 13
44 47 25
45 59 88
46 27 61
47 23 34
48 57 85
49 51 10
50 50 25
51 12 24
52 13 32
53 80 92
54 13 0
55 34 46
56 88 38
57 33 51
58 73 61
59 18 29
60 8 11
61 10 95
62 56 85
63 57 35
64 44 93
65 47 31
66 88 5
67 48 74
68 26 74
69 7 20
70 64 20
71 43 90
72 61 67
73 69 39
74 20 22
