100
0 58 72
1 56 7
2 13 29
3 2 23
4 88 15
5 54 98
6 72 33
7 38 45
8 96 5
9 66 21
10 44 14
11 72 77
12 64 70
13 10 9
14 13 44
15 66 45
16 24 90
17 27 5
18 16 53
19 19 11
20 32 99
21 39 72
22 31 18
23 42 87
24 51 84
25 65 24
26 26 60
27 62 66
28 91 20
29 39 70
30 0 79
31 44 8
32 67 58
33 67 96
34 24 37
35 61 100
36 85 49
37 89 23
38 83 2
39 11 84
40 71 88
41 84 90
42 24 17
43 82 95
44 70 9
45 84 55
46 70 65
47 54 40
48 69 10
49 43 51
50 62 31
51 30 90
52 3 16
53 96 32
54 67 60
55 67 39
56 86 80
57 2 32
58 62 64
59 11 76
60 69 94
61 81 52
62 29 36
63 29 4
64 64 24
65 61 71
66 12 97
67 70 65
68 72 37
69 40 7
70 40 43
71 58 77
72 19 12
73 5 80
74 69 2
75 43 74
76 97 63
77 13 32
78 72 80
79 18 57
80 10 40
81 73 10
82 18 45
83 20 69
84 64 11
85 9 71
86 61 45
87 43 71
88 20 54
89 10 60
90 0 27
91 95 29
92 96 54
93 15 69
94 34 25
95 52 31
96 45 54
97 18 85
98 66 31
99 65 10
