75
0 10 49
1 87 3
2 24 88
3 97 100
4 9 91
5 45 50
6 7 19
7 30 47
8 86 29
9 92 78
10 60 98
11 62 77
12 87 22
13 21 83
14 30 81
15 68 9
16 94 30
17 51 30
18 20 58
19 57 0
20 77 2
21 50 77
22 86 81
23 33 99
24 45 70
25 19 32
26 1 60
27 4 71
28 68 57
29 2 40
30 87 40
31 12 93
32 75 68
33 3 7
34 20 71
35 54 91
36 20 54
37 42 66
38 39 11
39 34 4
40 22 51
41 33 15
42 63 18
43 55 85
44 23 17
45 41 73
46 98 88
47 93 4
48 22 99
49 28 9
50 83 38
51 74 40
52 4 42
53 62 76
54 36 20
55 76 23
56 79 13
57 29 61
58 2 59
59 34 33
60 34 59
61 99 93
62 44 69
63 65 13
64 32 15
65 78 89
66 69 19
67 19 65
68 85 6
69 49 25
70 66 78
71 16 42
72 76 69
73 16 40
74 64 59
