75
0 51 98
1 99 50
2 90 82
3 46 1
4 88 99
5 20 77
6 5 10
7 72 5
8 45 9
9 19 49
10 52 92
11 12 8
12 83 35
13 76 63
14 82 74
15 49 69
16 57 61
17 73 16
18 59 97
19 32 77
20 47 2
21 65 21
22 82 9
23 71 65
24 24 80
25 65 48
26 98 1
27 90 63
28 62 8
29 74 29
30 4 18
31 19 51
32 57 83
33 41 20
34 78 2
35 20 37
36 57 41
37 67 85
38 26 80
39 9 78
40 24 17
41 56 31
42 72 21
43 83 71
44 93 8
45 33 13
46 71 88
47 11 67
48 82 34
49 68 83
50 83 27
51 0 76
52 29 6
53 51 3
54 38 15
55 53 75
56 0 56
57 45 7
58 91 9
59 85 66
60 52 66
61 91 49
62 55 15
63 85 53
64 91 11
65 39 41
66 57 45
67 22 57
68 44 82
69 79 17
70 80 100
71 9 99
72 55 77
73 66 29
74 91 84
