100
0 85 35
1 18 94
2 76 92
3 28 84
4 77 46
5 81 40
6 4 85
7 30 92
8 99 58
9 9 29
10 2 76
11 39 46
12 74 71
13 16 8
14 20 23
15 19 31
16 32 70
17 52 45
18 14 76
19 92 80
20 6 59
21 31 55
22 58 36
23 69 19
24 59 22
25 62 5
26 59 74
27 61 56
28 5 95
29 22 42
30 72 46
31 47 39
32 96 91
33 47 100
34 83 47
35 58 28
36 79 19
37 35 42
38 42 67
39 80 31
40 63 63
41 77 28
42 50 71
43 46 14
44 59 41
45 49 44
46 11 63
47 36 33
48 90 69
49 65 85
50 20 54
51 4 53
52 23 23
53 73 48
54 97 44
55 98 4
56 34 11
57 15 88
58 66 47
59 97 17
60 11 21
61 58 35
62 19 26
63 99 72
64 64 32
65 86 43
66 52 100
67 80 69
68 33 57
69 84 21
70 17 48
71 12 50
72 81 80
73 17 64
74 40 55
75 61 99
76 31 9
77 54 5
78 95 54
79 74 20
80 93 99
81 50 61
82 36 39
83 54 69
84 98 23
85 99 83
86 0 94
87 99 29
88 14 51
89 57 62
90 9 25
91 79 26
92 11 67
93 93 58
94 49 61
95 58 34
96 88 4
97 92 63
98 44 9
99 71 9
