100
0 23 31
1 58 96
2 61 63
3 28 9
4 58 9
5 54 57
6 59 98
7 3 66
8 92 6
9 70 7
10 31 98
11 32 4
12 38 12
13 94 25
14 44 49
15 85 9
16 61 91
17 60 88
18 77 25
19 33 67
20 92 36
21 60 16
22 40 96
23 52 93
24 82 60
25 45 27
26 12 95
27 66 78
28 75 61
29 57 95
30 65 71
31 79 70
32 95 59
33 20 66
34 30 10
35 78 72
36 15 14
37 43 84
38 22 93
39 15 66
40 19 19
41 5 53
42 66 38
43 14 73
44 84 67
45 26 23
46 9 14
47 57 8
48 89 23
49 26 54
50 17 67
51 1 22
52 68 46
53 94 71
54 73 41
55 46 35
56 38 25
57 97 59
58 9 27
59 29 4
60 7 4
61 3 39
62 72 86
63 66 27
64 58 64
65 81 92
66 81 24
67 83 77
68 49 50
69 48 80
70 62 62
71 68 100
72 65 64
73 55 45
74 65 8
75 3 79
76 67 23
77 47 42
78 22 2
79 61 22
80 42 33
81 10 27
82 76 38
83 11 60
84 11 35
85 33 37
86 29 26
87 73 52
88 7 84
89 65 26
90 66 12
91 39 7
92 17 50
93 9 88
94 3 51
95 13 68
96 59 71
97 1 86
98 4 42
99 5 30
