100
0 93 96
1 30 98
2 100 46
3 69 61
4 92 85
5 87 64
6 61 72
7 95 7
8 33 31
9 45 67
10 72 46
11 97 73
12 89 87
13 53 21
14 91 5
15 70 35
16 4 5
17 43 98
18 24 74
19 95 53
20 3 98
21 63 1
22 36 33
23 41 50
24 91 67
25 83 12
26 82 57
27 99 41
28 38 97
29 86 22
30 72 3
31 31 20
32 15 54
33 14 36
34 68 91
35 21 90
36 43 63
37 27 46
38 50 98
39 79 61
40 59 19
41 100 87
42 17 53
43 21 81
44 70 11
45 30 17
46 67 60
47 54 4
48 47 91
49 30 91
50 98 26
51 1 67
52 57 55
53 25 49
54 20 67
55 85 42
56 47 44
57 6 96
58 73 62
59 65 85
60 83 12
61 19 33
62 88 83
63 85 53
64 26 99
65 84 9
66 6 93
67 13 5
68 25 95
69 63 44
70 21 68
71 93 37
72 88 65
73 78 73
74 28 33
75 85 11
76 42 58
77 62 0
78 33 72
79 57 81
80 78 20
81 58 54
82 79 80
83 60 73
84 13 5
85 64 68
86 2 50
87 62 77
88 82 43
89 5 7
90 83 88
91 20 83
92 65 82
93 28 72
94 72 26
95 99 96
96 16 2
97 40 86
98 67 50
99 59 30
