100
0 92 69
1 24 0
2 91 71
3 53 29
4 15 76
5 85 41
6 44 34
7 84 47
8 34 19
9 64 48
10 56 6
11 70 55
12 42 43
13 3 90
14 71 4
15 37 48
16 92 72
17 9 90
18 16 3
19 100 54
20 26 83
21 56 81
22 15 69
23 80 26
24 15 1
25 17 69
26 93 16
27 87 2
28 13 53
29 8 24
30 92 49
31 17 33
32 35 13
33 36 46
34 59 55
35 50 25
36 53 96
37 70 62
38 89 46
39 95 69
40 36 59
41 50 2
42 12 39
43 83 86
44 93 36
45 61 44
46 49 64
47 20 52
48 18 90
49 69 3
50 68 72
51 13 84
52 20 38
53 38 37
54 72 2
55 81 1
56 61 85
57 27 33
58 87 14
59 77 37
60 7 76
61 95 87
62 20 73
63 64 26
64 44 59
65 5 39
66 92 69
67 38 82
68 90 25
69 16 62
70 55 47
71 2 42
72 92 28
73 92 1
74 90 79
75 77 9
76 9 72
77 33 35
78 39 78
79 60 68
80 67 23
81 61 59
82 86 32
83 14 31
84 73 28
85 95 60
86 31 79
87 37 100
88 21 1
89 5 63
90 52 91
91 98 64
92 44 27
93 92 1
94 1 66
95 20 86
96 96 32
97 72 81
98 14 83
99 57 25
