100
0 52 55
1 45 75
2 16 15
3 2 36
4 25 27
5 53 89
6 28 83
7 37 64
8 58 9
9 48 85
10 78 26
11 48 79
12 79 68
13 26 70
14 72 85
15 68 33
16 33 39
17 8 88
18 16 68
19 43 56
20 83 67
21 38 11
22 61 52
23 56 34
24 64 100
25 66 85
26 71 48
27 2 92
28 79 56
29 22 34
30 12 23
31 34 55
32 21 17
33 23 97
34 5 49
35 13 46
36 41 50
37 17 89
38 21 52
39 47 87
40 3 3
41 26 97
42 26 52
43 60 55
44 93 57
45 47 57
46 68 71
47 96 21
48 87 8
49 4 32
50 73 80
51 6 11
52 55 51
53 48 83
54 36 64
55 60 36
56 29 33
57 0 0
58 81 21
59 70 2
60 67 63
61 97 62
62 82 93
63 26 88
64 6 18
65 83 12
66 77 63
67 27 79
68 17 3
69 65 33
70 39 81
71 31 19
72 14 91
73 66 36
74 61 77
75 50 93
76 38 38
77 1 42
78 85 66
79 53 30
80 80 15
81 35 53
82 23 80
83 50 92
84 12 91
85 20 30
86 73 90
87 4 20
88 87 53
89 90 69
90 50 52
91 87 62
92 27 95
93 8 60
94 80 18
95 54 43
96 88 71
97 20 12
98 87 83
99 74 5
