100
0 57 100
1 96 76
2 4 24
3 99 82
4 0 100
5 68 59
6 39 44
7 94 72
8 83 72
9 19 10
10 82 74
11 25 50
12 52 17
13 91 64
14 63 88
15 83 55
16 42 51
17 43 47
18 44 61
19 11 95
20 55 56
21 34 89
22 81 64
23 27 21
24 66 93
25 84 96
26 67 42
27 82 38
28 0 21
29 75 60
30 83 16
31 84 33
32 55 20
33 59 58
34 91 40
35 30 93
36 17 0
37 71 98
38 5 77
39 73 74
40 98 57
41 70 59
42 79 97
43 29 32
44 54 47
45 5 63
46 94 7
47 66 49
48 76 63
49 51 82
50 78 90
51 95 34
52 21 16
53 100 92
54 37 70
55 38 54
56 58 83
57 65 60
58 4 8
59 8 18
60 58 28
61 51 85
62 1 67
63 50 1
64 32 15
65 75 65
66 39 5
67 79 72
68 22 87
69 76 1
70 19 55
71 66 77
72 69 16
73 49 13
74 37 58
75 31 12
76 80 1
77 23 6
78 84 12
79 35 81
80 23 96
81 46 63
82 78 55
83 73 92
84 13 45
85 58 74
86 82 25
87 46 51
88 60 69
89 93 66
90 25 51
91 65 86
92 82 50
93 72 81
94 95 100
95 23 11
96 83 2
97 45 94
98 90 53
99 92 30
