75
0 94 79
1 51 10
2 98 70
3 80 97
4 87 14
5 83 67
6 11 33
7 5 41
8 80 79
9 90 96
10 41 17
11 34 63
12 91 2
13 56 11
14 84 13
15 32 53
16 70 80
17 100 73
18 77 32
19 38 17
20 87 76
21 99 17
22 31 20
23 24 62
24 24 18
25 68 62
26 89 91
27 37 59
28 83 31
29 62 83
30 93 0
31 0 81
32 87 96
33 63 1
34 3 77
35 13 93
36 20 76
37 66 40
38 32 24
39 27 45
40 33 9
41 96 5
42 85 43
43 2 40
44 78 33
45 68 38
46 64 48
47 40 67
48 36 54
49 5 29
50 93 71
51 33 43
52 37 61
53 88 7
54 13 31
55 7 62
56 24 41
57 79 0
58 79 36
59 13 36
60 72 30
61 10 59
62 94 74
63 79 23
64 18 73
65 22 55
66 15 42
67 9 75
68 36 3
69 67 50
70 84 34
71 13 55
72 62 98
73 86 15
74 32 95
