100
0 68 25
1 54 54
2 84 29
3 3 19
4 68 80
5 26 16
6 21 31
7 59 12
8 4 61
9 48 18
10 14 52
11 10 99
12 35 92
13 27 43
14 39 58
15 6 2
16 97 65
17 63 60
18 71 23
19 34 18
20 54 22
21 2 36
22 47 67
23 75 61
24 70 65
25 54 87
26 39 18
27 36 10
28 33 79
29 25 54
30 95 35
31 83 58
32 46 60
33 72 78
34 20 60
35 49 19
36 1 43
37 90 42
38 27 95
39 59 77
40 93 68
41 23 92
42 55 86
43 35 77
44 6 13
45 76 41
46 36 18
47 88 9
48 28 100
49 18 53
50 53 89
51 38 85
52 1 19
53 94 90
54 45 89
55 10 56
56 12 53
57 94 16
58 17 6
59 98 38
60 23 16
61 6 32
62 7 53
63 57 78
64 52 29
65 99 0
66 47 84
67 48 13
68 97 92
69 64 78
70 30 35
71 13 29
72 47 16
73 52 95
74 42 62
75 28 9
76 30 89
77 35 68
78 35 79
79 65 91
80 16 86
81 77 92
82 97 28
83 53 54
84 83 100
85 0 91
86 38 14
87 64 62
88 52 4
89 19 50
90 31 67
91 26 100
92 11 58
93 43 91
94 79 4
95 29 9
96 90 21
97 87 13
98 85 3
99 96 77
