100
0 76 34
1 37 56
2 81 31
3 39 64
4 15 22
5 69 94
6 74 34
7 1 55
8 21 3
9 84 33
10 98 10
11 97 0
12 51 25
13 22 98
14 66 82
15 100 23
16 28 6
17 57 95
18 43 49
19 38 74
20 33 56
21 1 95
22 30 53
23 71 84
24 17 68
25 100 37
26 96 39
27 69 86
28 26 23
29 56 43
30 96 92
31 60 100
32 68 56
33 47 49
34 18 76
35 82 30
36 92 34
37 65 17
38 48 41
39 75 56
40 80 34
41 2 54
42 24 92
43 18 76
44 8 53
45 47 36
46 62 65
47 37 71
48 94 92
49 97 75
50 94 32
51 3 16
52 97 57
53 81 1
54 7 48
55 12 39
56 80 93
57 95 29
58 93 8
59 35 39
60 51 89
61 45 13
62 58 48
63 21 2
64 46 9
65 20 71
66 100 80
67 49 50
68 82 14
69 64 56
70 3 57
71 52 42
72 9 62
73 69 41
74 11 55
75 78 56
76 32 92
77 74 1
78 36 8
79 58 85
80 40 12
81 58 18
82 83 1
83 90 97
84 71 12
85 92 5
86 45 23
87 87 48
88 69 95
89 78 51
90 51 33
91 17 22
92 67 100
93 90 9
94 5 42
95 34 67
96 32 15
97 52 45
98 92 50
99 97 15
