100
0 44 43
1 86 100
2 36 78
3 23 67
4 51 62
5 39 21
6 25 57
7 86 52
8 32 80
9 96 7
10 93 46
11 42 37
12 36 38
13 64 3
14 94 0
15 11 73
16 45 69
17 59 57
18 31 10
19 45 88
20 27 20
21 44 72
22 13 6
23 100 55
24 55 97
25 82 29
26 65 80
27 84 31
28 92 55
29 77 97
30 87 48
31 100 22
32 94 97
33 18 100
34 22 17
35 6 16
36 14 55
37 75 45
38 38 60
39 14 44
40 36 31
41 27 29
42 91 27
43 10 90
44 75 37
45 99 14
46 99 42
47 94 65
48 83 95
49 1 55
50 39 4
51 31 87
52 87 5
53 11 43
54 1 82
55 42 63
56 91 61
57 60 98
58 79 26
59 90 8
60 66 9
61 35 78
62 0 45
63 42 71
64 96 47
65 79 63
66 85 14
67 43 13
68 2 24
69 15 27
70 34 21
71 19 80
72 58 63
73 7 24
74 98 26
75 58 34
76 41 56
77 70 42
78 10 75
79 3 17
80 85 28
81 71 79
82 49 30
83 48 59
84 55 57
85 51 72
86 23 50
87 86 53
88 72 78
89 79 27
90 74 14
91 33 31
92 98 38
93 93 13
94 75 2
95 18 60
96 6 85
97 86 83
98 82 44
99 64 19
