75
0 87 55
1 89 17
2 9 62
3 18 43
4 67 19
5 11 21
6 17 51
7 71 62
8 48 1
9 16 64
10 87 51
11 55 97
12 9 87
13 42 9
14 47 53
15 95 29
16 71 84
17 48 56
18 62 56
19 55 97
20 14 85
21 70 92
22 42 22
23 94 46
24 50 63
25 19 58
26 96 77
27 36 55
28 65 47
29 59 7
30 0 94
31 28 68
32 57 49
33 65 72
34 76 5
35 28 72
36 6 95
37 53 75
38 94 55
39 27 88
40 81 40
41 3 70
42 20 4
43 95 70
44 16 88
45 61 5
46 9 36
47 78 61
48 44 9
49 71 74
50 6 21
51 91 97
52 1 86
53 22 70
54 74 58
55 21 52
56 55 13
57 24 70
58 19 74
59 74 9
60 0 29
61 10 43
62 54 96
63 48 39
64 6 96
65 31 36
66 69 18
67 88 58
68 49 50
69 83 13
70 53 56
71 60 64
72 91 6
73 37 54
74 29 63
