75
0 19 95
1 67 28
2 56 75
3 51 49
4 42 90
5 6 7
6 75 41
7 89 20
8 71 85
9 8 65
10 62 36
11 66 42
12 52 100
13 81 84
14 30 65
15 55 25
16 86 60
17 96 23
18 59 90
19 19 69
20 66 34
21 46 8
22 70 45
23 8 47
24 62 80
25 43 17
26 31 2
27 63 79
28 12 42
29 14 45
30 80 93
31 27 91
32 17 83
33 20 44
34 4 79
35 83 63
36 57 51
37 82 68
38 95 95
39 7 46
40 35 2
41 94 93
42 71 86
43 65 7
44 13 3
45 58 4
46 92 38
47 97 28
48 16 94
49 87 30
50 13 79
51 77 1
52 39 20
53 13 4
54 17 84
55 60 10
56 5 59
57 18 99
58 36 60
59 30 2
60 67 4
61 9 56
62 47 85
63 84 8
64 19 56
65 22 31
66 32 17
67 86 24
68 40 16
69 61 48
70 62 23
71 25 96
72 88 7
73 92 85
74 7 50
