100
0 42 20
1 72 58
2 15 55
3 17 22
4 0 75
5 10 8
6 80 76
7 8 30
8 83 99
9 37 94
10 94 28
11 81 62
12 72 76
13 20 70
14 96 11
15 38 55
16 75 92
17 98 80
18 71 19
19 57 53
20 68 54
21 64 59
22 97 29
23 34 0
24 9 42
25 85 85
26 19 31
27 76 13
28 59 42
29 57 53
30 88 23
31 50 24
32 54 94
33 24 71
34 2 18
35 7 45
36 39 0
37 36 9
38 52 14
39 85 42
40 2 24
41 65 35
42 22 68
43 19 1
44 11 33
45 57 11
46 100 58
47 85 24
48 70 44
49 29 30
50 72 42
51 24 61
52 41 13
53 39 56
54 1 47
55 94 38
56 64 92
57 14 4
58 42 34
59 33 51
60 59 80
61 44 38
62 32 46
63 10 76
64 94 42
65 49 25
66 91 49
67 85 62
68 55 95
69 66 7
70 86 10
71 4 94
72 34 60
73 16 67
74 25 7
75 54 54
76 3 56
77 93 16
78 85 24
79 7 24
80 65 56
81 71 37
82 36 22
83 82 82
84 23 5
85 12 86
86 22 28
87 89 48
88 75 95
89 89 55
90 17 90
91 43 50
92 47 9
93 20 7
94 30 44
95 95 76
96 71 1
97 100 2
98 36 39
99 90 22
