100
0 34 24
1 12 27
2 97 25
3 87 77
4 11 6
5 5 0
6 20 78
7 41 66
8 23 35
9 88 6
10 16 46
11 38 76
12 70 38
13 48 82
14 49 67
15 37 3
16 89 94
17 12 3
18 3 67
19 95 98
20 17 1
21 92 41
22 100 49
23 48 75
24 6 48
25 33 34
26 80 39
27 21 2
28 1 66
29 64 7
30 73 56
31 51 74
32 89 3
33 72 67
34 20 78
35 88 5
36 73 39
37 97 37
38 98 38
39 27 27
40 24 21
41 27 33
42 19 19
43 3 6
44 93 4
45 12 19
46 73 46
47 10 61
48 8 85
49 72 86
50 61 73
51 91 52
52 93 84
53 3 13
54 79 60
55 59 10
56 54 57
57 19 59
58 5 26
59 85 33
60 27 28
61 20 35
62 93 14
63 62 11
64 60 68
65 84 66
66 11 6
67 40 96
68 86 50
69 96 37
70 24 54
71 79 32
72 41 60
73 62 1
74 25 56
75 36 38
76 80 45
77 18 42
78 35 19
79 11 66
80 80 87
81 72 60
82 59 98
83 86 29
84 26 97
85 38 4
86 1 85
87 17 64
88 82 38
89 42 85
90 66 68
91 44 54
92 39 23
93 71 87
94 62 32
95 32 99
96 52 24
97 60 89
98 91 64
99 14 37
