75
0 93 65
1 1 43
2 29 15
3 12 96
4 86 54
5 36 40
6 24 92
7 27 59
8 45 98
9 45 69
10 64 71
11 2 0
12 48 43
13 61 70
14 91 58
15 0 1
16 53 50
17 96 69
18 78 8
19 16 7
20 21 18
21 48 41
22 79 45
23 42 33
24 0 45
25 8 1
26 99 17
27 92 16
28 19 6
29 88 92
30 30 80
31 38 47
32 58 83
33 72 65
34 9 66
35 13 55
36 85 75
37 18 52
38 44 64
39 33 0
40 29 87
41 47 97
42 24 69
43 95 54
44 53 57
45 21 3
46 91 84
47 30 51
48 31 0
49 26 99
50 55 91
51 84 46
52 12 10
53 94 100
54 6 82
55 18 95
56 2 100
57 82 97
58 5 37
59 47 38
60 55 57
61 42 4
62 23 13
63 9 85
64 69 5
65 33 6
66 20 88
67 42 67
68 22 5
69 0 4
70 52 13
71 43 71
72 48 83
73 1 79
74 19 90
