75
0 6 78
1 86 94
2 84 36
3 100 36
4 81 24
5 91 72
6 31 52
7 10 37
8 65 21
9 7 67
10 29 53
11 3 7
12 46 43
13 86 82
14 68 89
15 68 67
16 87 97
17 64 38
18 61 35
19 11 25
20 26 66
21 46 39
22 37 82
23 12 71
24 19 71
25 43 50
26 46 91
27 78 24
28 56 67
29 96 86
30 21 50
31 81 64
32 54 73
33 28 62
34 64 20
35 51 35
36 84 51
37 5 57
38 76 90
39 52 89
40 34 15
41 70 40
42 14 96
43 39 81
44 36 14
45 13 80
46 46 60
47 84 26
48 83 30
49 33 16
50 95 35
51 36 94
52 65 98
53 78 81
54 30 65
55 60 96
56 15 54
57 8 43
58 93 83
59 53 61
60 23 57
61 54 35
62 16 27
63 35 66
64 81 9
65 81 7
66 58 66
67 69 79
68 76 29
69 91 31
70 100 79
71 4 66
72 75 11
73 55 67
74 30 48
