100
0 61 57
1 70 86
2 18 4
3 22 3
4 52 20
5 0 20
6 52 25
7 10 83
8 11 24
9 90 47
10 58 12
11 32 86
12 20 23
13 75 0
14 41 99
15 95 69
16 37 43
17 35 24
18 29 61
19 3 32
20 23 84
21 42 67
22 19 68
23 60 75
24 67 93
25 78 60
26 0 20
27 25 78
28 63 80
29 11 8
30 3 91
31 91 62
32 93 99
33 31 78
34 21 86
35 16 78
36 24 58
37 60 25
38 64 46
39 56 58
40 36 89
41 54 69
42 80 18
43 29 96
44 58 5
45 26 74
46 38 87
47 62 46
48 39 44
49 32 74
50 12 34
51 86 87
52 96 46
53 72 50
54 57 87
55 22 88
56 69 5
57 62 41
58 26 93
59 15 25
60 58 84
61 28 17
62 25 64
63 58 52
64 47 47
65 91 8
66 23 3
67 51 86
68 58 53
69 30 85
70 69 32
71 81 10
72 80 99
73 76 60
74 18 33
75 1 88
76 53 27
77 83 86
78 14 50
79 88 98
80 34 35
81 50 94
82 88 55
83 33 5
84 13 74
85 48 69
86 74 73
87 49 64
88 31 54
89 20 65
90 90 33
91 43 10
92 11 26
93 36 72
94 14 31
95 95 86
96 98 67
97 13 97
98 42 35
99 9 99
