100
0 69 63
1 71 17
2 15 62
3 47 78
4 55 28
5 23 46
6 46 21
7 0 15
8 5 66
9 51 90
10 84 42
11 14 56
12 75 59
13 6 49
14 81 44
15 18 92
16 97 60
17 2 50
18 0 28
19 28 67
20 37 77
21 27 35
22 86 76
23 43 87
24 3 55
25 58 80
26 80 17
27 33 15
28 61 9
29 69 20
30 92 97
31 21 5
32 20 78
33 69 12
34 88 65
35 29 85
36 71 69
37 12 27
38 59 65
39 64 20
40 35 29
41 42 80
42 80 66
43 16 88
44 81 40
45 47 74
46 41 91
47 28 3
48 32 69
49 91 98
50 32 96
51 14 52
52 93 16
53 68 12
54 6 60
55 2 94
56 50 13
57 94 57
58 42 21
59 47 3
60 68 60
61 18 8
62 95 3
63 92 82
64 31 32
65 58 1
66 59 92
67 4 52
68 92 21
69 87 6
70 15 13
71 84 62
72 38 35
73 80 48
74 91 83
75 6 14
76 94 78
77 20 89
78 60 6
79 92 23
80 38 83
81 30 32
82 96 37
83 56 46
84 52 1
85 37 27
86 72 2
87 41 28
88 41 72
89 31 90
90 100 62
91 75 35
92 10 5
93 24 42
94 17 26
95 77 97
96 43 56
97 47 26
98 16 98
99 97 17
