100
0 49 66
1 50 65
2 81 29
3 81 32
4 21 13
5 9 47
6 11 78
7 1 59
8 93 4
9 7 18
10 50 40
11 65 57
12 39 30
13 54 64
14 64 6
15 56 69
16 70 23
17 93 62
18 16 64
19 32 51
20 94 40
21 83 85
22 73 48
23 74 13
24 65 93
25 94 13
26 98 81
27 43 10
28 47 1
29 85 51
30 44 92
31 55 69
32 7 1
33 89 36
34 85 15
35 41 5
36 67 82
37 9 96
38 30 85
39 81 76
40 20 35
41 85 64
42 3 76
43 67 87
44 66 85
45 64 9
46 2 36
47 74 32
48 23 5
49 44 74
50 20 14
51 31 1
52 88 81
53 96 86
54 90 68
55 93 48
56 42 44
57 56 94
58 80 62
59 64 19
60 16 41
61 79 73
62 61 61
63 17 27
64 13 66
65 21 5
66 3 76
67 43 32
68 80 71
69 81 61
70 85 46
71 49 32
72 42 47
73 91 52
74 88 60
75 97 20
76 86 32
77 50 34
78 40 68
79 47 27
80 11 95
81 64 0
82 74 70
83 26 85
84 52 45
85 67 99
86 26 18
87 59 72
88 76 18
89 60 61
90 1 15
91 17 39
92 57 83
93 90 11
94 64 27
95 19 83
96 32 59
97 17 17
98 97 72
99 71 83
