75
0 7 79
1 35 5
2 56 41
3 39 24
4 4 7
5 96 51
6 39 17
7 56 93
8 46 46
9 45 8
10 100 67
11 71 42
12 8 82
13 30 82
14 47 97
15 90 71
16 13 42
17 41 66
18 34 46
19 83 68
20 11 47
21 67 32
22 34 13
23 77 18
24 71 54
25 93 38
26 50 4
27 80 100
28 56 93
29 86 48
30 85 88
31 78 72
32 44 21
33 100 16
34 69 83
35 85 63
36 97 25
37 67 54
38 12 16
39 52 30
40 5 65
41 82 86
42 75 48
43 58 18
44 42 4
45 94 26
46 68 51
47 27 96
48 74 72
49 56 31
50 98 3
51 0 24
52 97 60
53 32 59
54 86 29
55 40 43
56 72 21
57 40 57
58 54 78
59 52 53
60 72 41
61 50 66
62 46 52
63 53 86
64 74 24
65 32 60
66 17 29
67 70 74
68 42 82
69 50 46
70 25 64
71 59 97
72 29 25
73 98 70
74 44 68
