100
0 46 8
1 74 77
2 90 7
3 72 92
4 88 76
5 41 27
6 94 46
7 49 30
8 85 46
9 24 18
10 71 8
11 42 89
12 73 40
13 96 89
14 60 17
15 37 31
16 0 85
17 87 31
18 96 74
19 11 25
20 42 3
21 100 67
22 100 14
23 4 83
24 2 3
25 93 91
26 17 11
27 42 88
28 1 78
29 91 62
30 38 19
31 23 75
32 39 38
33 83 78
34 34 51
35 19 91
36 22 38
37 59 8
38 38 81
39 71 89
40 75 37
41 28 29
42 54 86
43 81 31
44 79 97
45 36 55
46 53 15
47 63 100
48 30 27
49 62 77
50 27 10
51 23 59
52 24 29
53 18 54
54 12 88
55 88 69
56 19 91
57 83 5
58 58 12
59 63 88
60 82 74
61 65 93
62 45 55
63 52 27
64 39 54
65 11 98
66 86 4
67 76 23
68 51 6
69 67 47
70 98 46
71 77 54
72 63 82
73 27 50
74 57 28
75 79 2
76 69 56
77 79 11
78 98 24
79 11 92
80 83 37
81 55 83
82 93 23
83 0 96
84 17 12
85 98 90
86 58 5
87 59 62
88 52 60
89 7 46
90 18 95
91 84 72
92 80 83
93 5 77
94 25 35
95 47 73
96 42 29
97 35 19
98 31 12
99 46 56
