75
0 73 87
1 64 25
2 11 5
3 2 30
4 95 81
5 17 89
6 11 44
7 24 70
8 45 84
9 71 20
10 66 71
11 86 57
12 68 62
13 42 100
14 24 6
15 46 76
16 13 51
17 31 80
18 62 43
19 72 66
20 70 54
21 88 62
22 52 35
23 31 89
24 68 97
25 64 82
26 59 76
27 73 80
28 2 33
29 20 39
30 7 11
31 58 66
32 1 17
33 25 57
34 65 38
35 25 78
36 4 88
37 94 68
38 74 53
39 80 58
40 80 93
41 9 81
42 100 63
43 36 66
44 51 1
45 66 89
46 64 52
47 71 94
48 68 95
49 61 97
50 72 33
51 81 87
52 35 71
53 31 80
54 44 63
55 35 74
56 86 55
57 44 0
58 96 94
59 85 2
60 41 22
61 15 94
62 20 69
63 62 53
64 77 64
65 69 23
66 29 40
67 94 83
68 68 78
69 5 18
70 38 80
71 41 35
72 35 58
73 90 2
74 18 7
