75
0 55 1
1 60 50
2 6 93
3 83 76
4 82 1
5 23 28
6 45 78
7 33 13
8 15 5
9 21 61
10 86 38
11 34 22
12 37 47
13 47 22
14 44 22
15 81 71
16 60 85
17 0 1
18 61 58
19 3 48
20 71 95
21 59 12
22 1 85
23 44 66
24 56 79
25 7 66
26 37 54
27 52 33
28 13 68
29 96 5
30 53 51
31 74 18
32 13 83
33 57 90
34 60 64
35 100 6
36 60 8
37 50 83
38 69 32
39 20 80
40 44 81
41 54 14
42 78 83
43 5 90
44 8 64
45 79 2
46 36 51
47 90 92
48 96 82
49 75 48
50 46 34
51 70 12
52 92 24
53 36 83
54 66 39
55 42 38
56 85 96
57 67 2
58 32 68
59 19 18
60 56 34
61 49 85
62 76 81
63 30 58
64 94 18
65 76 79
66 21 100
67 86 12
68 46 67
69 22 56
70 31 36
71 59 59
72 64 64
73 42 96
74 24 88
