100
0 61 15
1 18 83
2 43 44
3 20 86
4 92 9
5 58 92
6 35 27
7 81 98
8 19 17
9 21 5
10 78 99
11 52 84
12 25 35
13 7 38
14 29 43
15 53 17
16 49 96
17 16 51
18 8 96
19 80 69
20 45 29
21 24 56
22 98 89
23 27 36
24 96 77
25 52 28
26 38 50
27 72 22
28 82 27
29 18 71
30 37 27
31 98 21
32 93 80
33 26 63
34 51 41
35 51 78
36 98 71
37 98 18
38 88 68
39 66 38
40 21 0
41 4 36
42 84 81
43 51 39
44 28 65
45 0 43
46 49 48
47 16 10
48 31 48
49 66 10
50 96 87
51 71 59
52 51 62
53 18 38
54 93 8
55 55 68
56 5 19
57 40 28
58 64 2
59 26 40
60 14 3
61 63 29
62 55 80
63 18 100
64 86 37
65 12 11
66 70 19
67 13 33
68 77 33
69 30 61
70 30 9
71 35 81
72 47 67
73 84 29
74 40 65
75 72 66
76 1 49
77 4 75
78 88 62
79 78 41
80 81 65
81 78 97
82 44 95
83 56 19
84 49 62
85 0 74
86 6 67
87 62 67
88 74 67
89 34 20
90 21 42
91 91 6
92 99 94
93 40 82
94 53 73
95 72 21
96 97 88
97 7 43
98 78 49
99 98 22
