100
0 44 87
1 46 48
2 7 40
3 44 41
4 14 66
5 43 98
6 52 66
7 73 28
8 17 92
9 56 69
10 28 92
11 46 52
12 69 46
13 34 99
14 14 12
15 69 41
16 24 96
17 45 11
18 11 45
19 7 8
20 76 26
21 36 42
22 19 48
23 78 65
24 38 43
25 70 8
26 29 79
27 55 57
28 52 17
29 98 87
30 99 6
31 92 9
32 7 15
33 51 67
34 50 8
35 23 22
36 2 13
37 70 12
38 97 96
39 5 73
40 56 1
41 30 22
42 9 4
43 52 97
44 36 7
45 41 50
46 76 91
47 80 74
48 33 39
49 42 44
50 66 57
51 21 35
52 75 71
53 34 73
54 2 7
55 55 13
56 55 88
57 24 28
58 40 36
59 58 51
60 83 97
61 45 60
62 23 39
63 1 27
64 9 63
65 30 36
66 30 72
67 13 78
68 51 16
69 0 13
70 80 21
71 4 26
72 3 70
73 58 13
74 36 39
75 78 60
76 6 1
77 24 69
78 84 41
79 24 82
80 4 83
81 90 71
82 74 42
83 80 75
84 27 31
85 97 68
86 8 42
87 47 68
88 91 32
89 17 24
90 72 88
91 70 31
92 13 65
93 9 19
94 6 20
95 9 43
96 55 14
97 85 66
98 14 86
99 29 85
