75
0 94 2
1 95 49
2 38 86
3 13 92
4 98 52
5 37 67
6 34 72
7 36 43
8 92 45
9 85 63
10 11 52
11 5 9
12 61 21
13 90 23
14 2 58
15 28 71
16 93 52
17 48 98
18 41 6
19 74 24
20 89 2
21 2 28
22 34 42
23 100 82
24 82 59
25 86 57
26 97 92
27 17 16
28 19 33
29 59 63
30 3 70
31 91 65
32 78 23
33 41 66
34 29 22
35 38 78
36 24 75
37 72 20
38 21 4
39 40 5
40 15 11
41 80 71
42 63 7
43 13 47
44 13 3
45 0 42
46 41 24
47 53 88
48 10 94
49 51 79
50 27 26
51 49 74
52 98 39
53 20 99
54 80 48
55 85 29
56 67 17
57 66 32
58 91 21
59 83 7
60 83 44
61 32 73
62 4 64
63 67 48
64 52 71
65 71 13
66 85 2
67 91 34
68 29 7
69 66 16
70 46 57
71 67 90
72 44 17
73 72 94
74 45 67
