75
0 29 98
1 38 33
2 17 39
3 74 74
4 100 58
5 12 41
6 8 95
7 72 71
8 70 20
9 69 72
10 46 54
11 71 79
12 99 71
13 17 64
14 72 26
15 58 29
16 40 78
17 65 37
18 44 65
19 6 16
20 69 65
21 71 12
22 22 66
23 27 98
24 88 57
25 85 25
26 3 68
27 73 1
28 73 74
29 36 82
30 27 47
31 35 47
32 3 41
33 68 71
34 26 60
35 23 8
36 99 11
37 15 59
38 16 98
39 100 35
40 34 47
41 72 99
42 36 60
43 21 9
44 63 31
45 74 46
46 54 8
47 1 83
48 75 52
49 21 39
50 47 87
51 45 34
52 57 5
53 20 1
54 27 60
55 50 49
56 31 53
57 96 38
58 5 32
59 50 23
60 68 1
61 27 81
62 47 53
63 18 86
64 84 44
65 50 86
66 59 15
67 18 55
68 87 99
69 47 39
70 90 58
71 31 91
72 90 80
73 49 12
74 11 8
