100
0 30 99
1 21 97
2 10 33
3 45 4
4 89 6
5 9 71
6 93 8
7 75 70
8 64 7
9 96 93
10 72 35
11 33 1
12 23 84
13 16 33
14 87 32
15 38 33
16 50 83
17 86 79
18 100 40
19 82 75
20 53 10
21 91 29
22 15 13
23 92 82
24 62 93
25 20 93
26 56 97
27 82 22
28 84 70
29 36 50
30 30 16
31 42 55
32 82 73
33 73 9
34 92 1
35 79 88
36 30 78
37 94 61
38 63 95
39 78 88
40 31 95
41 0 70
42 45 66
43 54 53
44 25 40
45 7 34
46 82 98
47 82 65
48 62 30
49 13 22
50 52 26
51 98 39
52 29 74
53 70 52
54 16 98
55 0 97
56 53 60
57 32 32
58 3 46
59 33 96
60 12 53
61 99 48
62 43 41
63 97 21
64 49 60
65 85 54
66 1 14
67 100 75
68 27 63
69 31 17
70 69 72
71 38 26
72 33 25
73 18 70
74 68 24
75 41 37
76 92 83
77 96 43
78 45 90
79 20 83
80 96 87
81 55 79
82 77 50
83 28 31
84 83 29
85 24 72
86 19 70
87 11 68
88 58 30
89 93 60
90 5 68
91 87 96
92 44 50
93 48 100
94 65 27
95 30 93
96 92 22
97 26 17
98 61 16
99 8 80
