100
0 91 77
1 93 100
2 72 18
3 26 56
4 20 6
5 19 32
6 75 52
7 34 67
8 88 27
9 86 85
10 97 17
11 19 46
12 17 79
13 43 65
14 36 11
15 44 56
16 16 69
17 23 13
18 90 21
19 94 77
20 67 31
21 26 47
22 50 82
23 33 48
24 4 75
25 82 74
26 6 76
27 3 33
28 99 61
29 64 17
30 93 26
31 35 47
32 66 72
33 89 47
34 12 32
35 24 38
36 57 18
37 89 73
38 47 49
39 16 58
40 42 11
41 26 1
42 29 76
43 65 54
44 98 71
45 14 54
46 85 44
47 78 97
48 97 25
49 53 68
50 74 76
51 93 34
52 67 81
53 31 43
54 62 12
55 48 74
56 19 64
57 34 76
58 99 35
59 37 83
60 71 4
61 94 17
62 39 99
63 33 42
64 17 73
65 53 29
66 7 98
67 98 63
68 23 7
69 43 64
70 59 24
71 62 98
72 19 50
73 82 37
74 7 88
75 85 72
76 56 17
77 50 19
78 46 51
79 61 1
80 72 74
81 47 84
82 9 41
83 20 90
84 19 19
85 87 97
86 6 39
87 70 76
88 35 44
89 79 53
90 96 58
91 79 68
92 14 65
93 92 28
94 95 72
95 19 99
96 72 21
97 98 56
98 32 58
99 85 54
