100
0 70 47
1 59 74
2 28 37
3 68 34
4 10 46
5 54 18
6 51 60
7 50 2
8 95 36
9 13 46
10 21 67
11 90 10
12 99 27
13 93 60
14 91 15
15 92 43
16 63 30
17 82 13
18 81 1
19 42 41
20 50 75
21 91 92
22 42 44
23 43 8
24 2 32
25 25 48
26 11 39
27 36 93
28 70 100
29 60 75
30 88 12
31 99 10
32 15 51
33 50 89
34 73 12
35 96 58
36 58 42
37 56 1
38 24 48
39 90 43
40 90 62
41 43 68
42 47 83
43 67 59
44 38 3
45 85 70
46 64 24
47 9 95
48 86 27
49 60 23
50 35 24
51 59 41
52 11 12
53 37 79
54 0 75
55 93 91
56 61 59
57 98 98
58 72 93
59 88 2
60 37 41
61 85 85
62 44 16
63 42 41
64 57 10
65 13 67
66 68 83
67 72 77
68 9 98
69 45 25
70 76 64
71 83 38
72 33 6
73 88 18
74 31 11
75 16 64
76 35 88
77 28 84
78 82 32
79 97 11
80 47 69
81 88 12
82 61 46
83 43 49
84 76 66
85 3 2
86 27 10
87 5 54
88 27 88
89 85 64
90 74 25
91 11 52
92 79 52
93 87 91
94 63 87
95 15 92
96 11 45
97 64 82
98 19 24
99 9 60
