100
0 84 38
1 42 55
2 11 18
3 67 48
4 16 43
5 98 66
6 90 40
7 47 65
8 98 20
9 22 11
10 86 35
11 30 24
12 41 78
13 26 19
14 14 10
15 78 64
16 89 24
17 19 38
18 29 56
19 57 75
20 84 62
21 98 100
22 4 68
23 50 68
24 11 20
25 15 47
26 74 2
27 73 57
28 99 59
29 65 26
30 25 4
31 38 7
32 24 13
33 80 24
34 89 79
35 50 60
36 39 35
37 70 54
38 15 60
39 89 67
40 93 7
41 12 6
42 4 0
43 3 6
44 86 82
45 30 32
46 35 100
47 1 45
48 12 43
49 29 31
50 51 35
51 82 87
52 53 46
53 1 86
54 99 47
55 0 33
56 97 81
57 72 51
58 93 76
59 46 54
60 11 40
61 97 86
62 11 89
63 17 64
64 100 28
65 51 18
66 2 15
67 80 63
68 34 12
69 10 34
70 15 10
71 34 28
72 3 39
73 59 11
74 85 100
75 53 58
76 40 1
77 28 61
78 82 15
79 50 45
80 56 56
81 35 31
82 20 75
83 72 57
84 83 81
85 62 81
86 14 87
87 10 38
88 44 76
89 41 75
90 57 14
91 42 14
92 84 66
93 81 19
94 74 92
95 16 3
96 59 91
97 59 57
98 51 50
99 13 59
