75
0 74 86
1 88 73
2 59 37
3 73 62
4 11 72
5 78 71
6 48 93
7 49 5
8 22 15
9 55 48
10 6 39
11 96 91
12 0 36
13 8 92
14 67 8
15 48 70
16 9 14
17 94 56
18 29 6
19 65 77
20 21 15
21 7 2
22 23 23
23 81 35
24 60 59
25 65 47
26 93 35
27 97 57
28 97 1
29 55 68
30 47 8
31 47 83
32 85 72
33 35 12
34 10 98
35 8 65
36 22 95
37 18 10
38 18 1
39 68 82
40 3 34
41 66 65
42 92 91
43 56 60
44 72 84
45 30 93
46 92 39
47 24 95
48 43 85
49 75 95
50 74 26
51 21 21
52 70 5
53 22 88
54 10 4
55 31 13
56 40 88
57 42 86
58 100 23
59 67 23
60 60 6
61 1 30
62 53 75
63 60 24
64 61 18
65 18 36
66 85 29
67 33 59
68 63 41
69 87 93
70 20 0
71 64 76
72 6 35
73 23 5
74 27 48
