75
0 6 50
1 21 91
2 74 92
3 78 33
4 66 9
5 64 64
6 95 17
7 37 40
8 31 61
9 63 34
10 22 35
11 98 61
12 98 1
13 61 50
14 84 56
15 92 7
16 84 59
17 60 51
18 41 10
19 95 69
20 32 74
21 10 86
22 91 50
23 69 21
24 70 0
25 10 55
26 31 56
27 45 61
28 24 92
29 67 86
30 13 71
31 56 71
32 38 59
33 27 20
34 27 39
35 34 8
36 2 40
37 85 52
38 7 12
39 59 6
40 31 84
41 50 68
42 17 40
43 29 90
44 65 8
45 45 73
46 58 72
47 53 72
48 34 49
49 97 19
50 34 45
51 58 23
52 66 19
53 64 18
54 75 86
55 12 80
56 15 60
57 69 0
58 74 74
59 68 97
60 100 95
61 38 83
62 63 13
63 92 19
64 84 73
65 58 72
66 34 100
67 8 79
68 9 13
69 12 84
70 51 79
71 73 46
72 77 69
73 47 40
74 97 37
