75
0 87 23
1 79 53
2 76 26
3 100 83
4 2 41
5 95 98
6 90 28
7 2 62
8 19 46
9 44 57
10 96 2
11 42 68
12 13 87
13 93 93
14 83 4
15 45 12
16 58 77
17 99 24
18 31 52
19 89 28
20 69 48
21 93 72
22 100 41
23 50 72
24 71 1
25 35 96
26 0 88
27 73 66
28 80 73
29 84 62
30 12 1
31 62 65
32 85 67
33 16 92
34 89 71
35 20 3
36 55 73
37 37 82
38 57 80
39 35 38
40 89 72
41 51 32
42 96 95
43 9 62
44 82 73
45 0 28
46 56 10
47 1 33
48 54 30
49 3 26
50 25 41
51 6 71
52 25 83
53 71 10
54 52 36
55 83 60
56 95 91
57 62 19
58 40 60
59 29 81
60 96 83
61 20 16
62 28 18
63 61 23
64 34 25
65 40 100
66 3 60
67 90 17
68 39 49
69 61 13
70 69 59
71 32 40
72 35 82
73 86 48
74 62 30
