75
0 44 57
1 24 88
2 65 1
3 38 64
4 63 12
5 47 2
6 29 35
7 56 63
8 11 7
9 99 81
10 40 58
11 43 40
12 80 6
13 34 9
14 28 17
15 21 8
16 43 42
17 7 8
18 39 39
19 20 79
20 70 54
21 66 72
22 19 29
23 65 93
24 81 8
25 30 23
26 14 51
27 87 85
28 6 31
29 47 66
30 13 48
31 78 48
32 40 3
33 96 78
34 62 93
35 52 0
36 86 59
37 47 47
38 19 45
39 45 6
40 58 54
41 79 17
42 90 89
43 71 74
44 27 31
45 38 78
46 2 9
47 83 61
48 21 52
49 18 4
50 73 27
51 1 72
52 15 7
53 65 43
54 60 35
55 80 89
56 52 43
57 33 71
58 97 76
59 32 91
60 67 6
61 16 13
62 92 42
63 10 37
64 33 31
65 92 51
66 36 1
67 49 42
68 43 93
69 37 47
70 97 12
71 34 89
72 34 0
73 8 17
74 92 24
