75
0 65 81
1 81 47
2 46 39
3 50 99
4 79 1
5 60 29
6 43 12
7 91 33
8 43 40
9 85 23
10 87 74
11 45 92
12 76 10
13 59 63
14 79 17
15 50 92
16 95 86
17 35 48
18 60 8
19 68 70
20 34 59
21 41 55
22 23 67
23 15 59
24 51 67
25 3 26
26 28 66
27 75 99
28 39 95
29 86 98
30 70 7
31 39 66
32 86 23
33 93 1
34 71 64
35 13 28
36 30 43
37 52 39
38 53 99
39 30 26
40 100 0
41 68 69
42 65 18
43 4 75
44 4 51
45 68 51
46 52 14
47 3 9
48 31 74
49 78 15
50 63 20
51 70 19
52 91 88
53 55 72
54 72 66
55 56 50
56 81 53
57 46 75
58 92 100
59 74 63
60 100 54
61 96 76
62 56 63
63 1 12
64 46 55
65 37 58
66 10 75
67 80 83
68 46 7
69 37 2
70 57 87
71 89 17
72 82 58
73 21 44
74 51 24
