75
0 44 95
1 11 72
2 77 25
3 36 60
4 25 71
5 52 13
6 36 20
7 5 71
8 37 67
9 38 41
10 36 56
11 46 56
12 19 29
13 27 42
14 90 53
15 14 84
16 86 28
17 41 41
18 0 38
19 84 39
20 96 63
21 5 20
22 18 7
23 50 63
24 69 74
25 29 53
26 0 66
27 39 52
28 63 72
29 70 4
30 66 81
31 7 100
32 61 76
33 53 82
34 96 14
35 28 84
36 57 54
37 75 16
38 83 35
39 59 5
40 41 14
41 64 19
42 30 37
43 92 24
44 40 56
45 4 54
46 25 33
47 50 100
48 67 14
49 68 36
50 90 54
51 19 37
52 43 21
53 81 51
54 94 84
55 82 85
56 82 63
57 85 67
58 65 53
59 0 38
60 94 37
61 21 27
62 48 18
63 70 55
64 30 46
65 22 95
66 44 3
67 74 71
68 21 39
69 83 36
70 22 46
71 68 72
72 88 6
73 32 96
74 79 69
