75
0 60 49
1 59 37
2 36 42
3 87 14
4 23 72
5 77 20
6 23 70
7 1 77
8 28 20
9 51 54
10 1 16
11 51 81
12 40 74
13 90 66
14 42 42
15 85 20
16 17 25
17 42 70
18 76 6
19 45 33
20 98 82
21 31 44
22 20 92
23 16 99
24 55 41
25 94 3
26 36 44
27 23 50
28 83 39
29 24 41
30 85 78
31 63 7
32 77 20
33 52 1
34 44 44
35 0 25
36 16 32
37 56 40
38 1 42
39 24 99
40 25 56
41 61 74
42 25 63
43 14 80
44 53 25
45 15 98
46 71 17
47 90 98
48 47 97
49 47 72
50 15 80
51 30 71
52 67 4
53 38 20
54 76 14
55 78 95
56 3 43
57 14 92
58 68 41
59 89 92
60 2 63
61 5 44
62 56 60
63 96 24
64 46 34
65 49 68
66 14 97
67 84 72
68 92 54
69 36 77
70 2 70
71 73 83
72 36 1
73 9 31
74 13 46
