100
0 37 96
1 75 67
2 3 2
3 34 50
4 0 93
5 89 63
6 37 94
7 75 77
8 63 20
9 12 35
10 40 26
11 78 67
12 22 91
13 58 10
14 42 99
15 67 16
16 80 53
17 60 18
18 18 13
19 52 0
20 38 85
21 96 3
22 66 97
23 35 43
24 22 92
25 89 100
26 6 20
27 72 29
28 15 20
29 82 19
30 63 59
31 96 100
32 48 77
33 98 78
34 71 12
35 3 72
36 6 32
37 22 90
38 20 58
39 44 14
40 97 19
41 44 65
42 14 14
43 50 14
44 24 68
45 36 7
46 26 69
47 74 14
48 29 60
49 9 95
50 32 2
51 13 6
52 26 18
53 27 21
54 52 8
55 82 8
56 85 0
57 88 27
58 58 33
59 96 81
60 7 79
61 20 5
62 85 58
63 86 89
64 19 83
65 22 84
66 95 40
67 66 41
68 60 30
69 35 57
70 72 73
71 79 37
72 7 56
73 49 81
74 7 80
75 61 40
76 71 11
77 23 12
78 18 65
79 71 15
80 8 99
81 96 76
82 32 80
83 38 2
84 47 42
85 0 83
86 60 88
87 12 15
88 24 92
89 34 5
90 18 72
91 24 25
92 1 85
93 82 43
94 54 36
95 66 6
96 81 38
97 9 73
98 66 27
99 54 42
