75
0 79 28
1 96 93
2 67 44
3 95 59
4 80 100
5 65 30
6 70 42
7 40 71
8 95 1
9 11 21
10 66 67
11 38 35
12 96 28
13 85 37
14 66 33
15 3 99
16 95 25
17 52 58
18 80 29
19 95 81
20 13 20
21 42 75
22 48 78
23 37 86
24 96 73
25 42 87
26 25 33
27 37 86
28 15 77
29 29 66
30 36 4
31 89 86
32 86 27
33 20 7
34 86 94
35 44 58
36 77 66
37 97 21
38 64 30
39 62 32
40 22 36
41 84 79
42 60 49
43 36 13
44 63 98
45 37 42
46 1 96
47 54 37
48 61 15
49 24 24
50 9 4
51 23 65
52 28 45
53 65 27
54 61 84
55 42 6
56 21 50
57 61 69
58 25 14
59 53 33
60 69 36
61 19 34
62 58 27
63 17 90
64 32 51
65 0 10
66 40 48
67 72 4
68 55 32
69 18 26
70 88 69
71 97 7
72 26 25
73 92 18
74 14 28
