75
0 17 14
1 36 11
2 49 51
3 97 4
4 29 52
5 36 95
6 34 6
7 52 93
8 68 92
9 81 24
10 83 100
11 23 75
12 74 88
13 84 4
14 2 17
15 66 16
16 73 53
17 61 92
18 38 0
19 49 21
20 56 11
21 59 79
22 70 7
23 76 17
24 12 25
25 79 32
26 7 32
27 2 57
28 93 11
29 18 61
30 65 43
31 52 65
32 3 16
33 83 38
34 65 85
35 76 9
36 1 66
37 83 58
38 56 94
39 89 62
40 95 24
41 68 15
42 70 11
43 10 60
44 36 68
45 36 52
46 79 32
47 21 53
48 7 82
49 79 22
50 59 100
51 64 12
52 5 8
53 86 66
54 48 4
55 34 53
56 95 19
57 82 49
58 22 96
59 33 56
60 35 91
61 96 52
62 72 69
63 51 74
64 90 74
65 29 14
66 51 6
67 79 51
68 45 89
69 36 4
70 4 8
71 68 36
72 27 44
73 48 67
74 74 65
