100
0 83 86
1 53 81
2 23 86
3 5 54
4 81 47
5 94 30
6 30 20
7 29 18
8 42 18
9 49 40
10 50 2
11 70 33
12 86 64
13 94 45
14 12 17
15 59 85
16 60 39
17 99 31
18 16 82
19 99 32
20 38 55
21 43 43
22 10 53
23 72 34
24 3 5
25 11 77
26 20 20
27 4 18
28 70 36
29 35 21
30 86 38
31 2 40
32 31 25
33 96 93
34 97 69
35 37 76
36 0 68
37 33 16
38 40 43
39 20 10
40 22 46
41 10 96
42 53 44
43 64 60
44 31 88
45 25 95
46 31 75
47 28 97
48 61 59
49 40 61
50 79 68
51 14 53
52 73 3
53 72 42
54 84 81
55 5 93
56 76 21
57 58 42
58 0 98
59 67 32
60 31 11
61 20 86
62 73 27
63 89 50
64 52 58
65 32 54
66 37 21
67 96 70
68 63 74
69 27 26
70 65 91
71 58 17
72 32 99
73 44 44
74 2 2
75 34 72
76 0 34
77 57 85
78 91 4
79 62 21
80 86 56
81 21 97
82 93 13
83 70 9
84 92 47
85 15 0
86 23 82
87 2 100
88 88 96
89 62 86
90 27 45
91 71 81
92 74 55
93 62 54
94 82 30
95 51 21
96 11 20
97 91 34
98 35 81
99 55 75
